#Section 1
1.000000, 0.000000, 0.000000
1.000000, 0.004768, 1.000000
1.000000, 0.038087, 2.000000
1.000000, 0.128478, 3.000000
1.000000, 0.304580, 4.000000
1.000000, 0.595003, 5.000000
1.000000, 1.028001, 6.000000
1.000000, 1.632422, 7.000000
1.000000, 2.436638, 8.000000
1.000000, 3.469437, 9.000000
1.000000, 4.758835, 10.000000
1.000000, 6.333918, 11.000000
1.000000, 8.222938, 12.000000
1.000000, 10.454029, 13.000000
1.000000, 13.056458, 14.000000
1.000000, 16.057938, 15.000000
#Section 2
2.000000, 0.000000, 0.000000
2.000000, 0.004768, 1.000000
2.000000, 0.038087, 2.000000
2.000000, 0.128478, 3.000000
2.000000, 0.304580, 4.000000
2.000000, 0.595003, 5.000000
2.000000, 1.028001, 6.000000
2.000000, 1.632422, 7.000000
2.000000, 2.436638, 8.000000
2.000000, 3.469437, 9.000000
2.000000, 4.758835, 10.000000
2.000000, 6.333918, 11.000000
2.000000, 8.222938, 12.000000
2.000000, 10.454029, 13.000000
2.000000, 13.056458, 14.000000
2.000000, 16.057938, 15.000000
#Section 3
3.000000, 0.000000, 0.000000
3.000000, 0.004768, 1.000000
3.000000, 0.038087, 2.000000
3.000000, 0.128478, 3.000000
3.000000, 0.304580, 4.000000
3.000000, 0.595003, 5.000000
3.000000, 1.028001, 6.000000
3.000000, 1.632422, 7.000000
3.000000, 2.436638, 8.000000
3.000000, 3.469437, 9.000000
3.000000, 4.758835, 10.000000
3.000000, 6.333918, 11.000000
3.000000, 8.222938, 12.000000
3.000000, 10.454029, 13.000000
3.000000, 13.056458, 14.000000
3.000000, 16.057938, 15.000000
#Section 4
4.000000, 0.000000, 0.000000
4.000000, 0.004768, 1.000000
4.000000, 0.038087, 2.000000
4.000000, 0.128478, 3.000000
4.000000, 0.304580, 4.000000
4.000000, 0.595003, 5.000000
4.000000, 1.028001, 6.000000
4.000000, 1.632422, 7.000000
4.000000, 2.436638, 8.000000
4.000000, 3.469437, 9.000000
4.000000, 4.758835, 10.000000
4.000000, 6.333918, 11.000000
4.000000, 8.222938, 12.000000
4.000000, 10.454029, 13.000000
4.000000, 13.056458, 14.000000
4.000000, 16.057938, 15.000000
#Section 5
5.000000, 0.000000, 0.000000
5.000000, 0.004768, 1.000000
5.000000, 0.038087, 2.000000
5.000000, 0.128478, 3.000000
5.000000, 0.304580, 4.000000
5.000000, 0.595003, 5.000000
5.000000, 1.028001, 6.000000
5.000000, 1.632422, 7.000000
5.000000, 2.436638, 8.000000
5.000000, 3.469437, 9.000000
5.000000, 4.758835, 10.000000
5.000000, 6.333918, 11.000000
5.000000, 8.222938, 12.000000
5.000000, 10.454029, 13.000000
5.000000, 13.056458, 14.000000
5.000000, 16.057938, 15.000000
#Section 6
6.000000, 0.000000, 0.000000
6.000000, 0.004768, 1.000000
6.000000, 0.038087, 2.000000
6.000000, 0.128478, 3.000000
6.000000, 0.304580, 4.000000
6.000000, 0.595003, 5.000000
6.000000, 1.028001, 6.000000
6.000000, 1.632422, 7.000000
6.000000, 2.436638, 8.000000
6.000000, 3.469437, 9.000000
6.000000, 4.758835, 10.000000
6.000000, 6.333918, 11.000000
6.000000, 8.222938, 12.000000
6.000000, 10.454029, 13.000000
6.000000, 13.056458, 14.000000
6.000000, 16.057938, 15.000000
#Section 7
7.000000, 0.000000, 0.000000
7.000000, 0.004768, 1.000000
7.000000, 0.038087, 2.000000
7.000000, 0.128478, 3.000000
7.000000, 0.304580, 4.000000
7.000000, 0.595003, 5.000000
7.000000, 1.028001, 6.000000
7.000000, 1.632422, 7.000000
7.000000, 2.436638, 8.000000
7.000000, 3.469437, 9.000000
7.000000, 4.758835, 10.000000
7.000000, 6.333918, 11.000000
7.000000, 8.222938, 12.000000
7.000000, 10.454029, 13.000000
7.000000, 13.056458, 14.000000
7.000000, 16.057938, 15.000000
#Section 8
8.000000, 0.000000, 0.000000
8.000000, 0.004768, 1.000000
8.000000, 0.038087, 2.000000
8.000000, 0.128478, 3.000000
8.000000, 0.304580, 4.000000
8.000000, 0.595003, 5.000000
8.000000, 1.028001, 6.000000
8.000000, 1.632422, 7.000000
8.000000, 2.436638, 8.000000
8.000000, 3.469437, 9.000000
8.000000, 4.758835, 10.000000
8.000000, 6.333918, 11.000000
8.000000, 8.222938, 12.000000
8.000000, 10.454029, 13.000000
8.000000, 13.056458, 14.000000
8.000000, 16.057938, 15.000000
#Section 9
9.000000, 0.000000, 0.000000
9.000000, 0.004768, 1.000000
9.000000, 0.038087, 2.000000
9.000000, 0.128478, 3.000000
9.000000, 0.304580, 4.000000
9.000000, 0.595003, 5.000000
9.000000, 1.028001, 6.000000
9.000000, 1.632422, 7.000000
9.000000, 2.436638, 8.000000
9.000000, 3.469437, 9.000000
9.000000, 4.758835, 10.000000
9.000000, 6.333918, 11.000000
9.000000, 8.222938, 12.000000
9.000000, 10.454029, 13.000000
9.000000, 13.056458, 14.000000
9.000000, 16.057938, 15.000000
#Section 10
10.000000, 0.000000, 0.000000
10.000000, 0.004768, 1.000000
10.000000, 0.038087, 2.000000
10.000000, 0.128478, 3.000000
10.000000, 0.304580, 4.000000
10.000000, 0.595003, 5.000000
10.000000, 1.028001, 6.000000
10.000000, 1.632422, 7.000000
10.000000, 2.436638, 8.000000
10.000000, 3.469437, 9.000000
10.000000, 4.758835, 10.000000
10.000000, 6.333918, 11.000000
10.000000, 8.222938, 12.000000
10.000000, 10.454029, 13.000000
10.000000, 13.056458, 14.000000
10.000000, 16.057938, 15.000000
#Section 11
11.000000, 0.000000, 0.000000
11.000000, 0.004768, 1.000000
11.000000, 0.038087, 2.000000
11.000000, 0.128478, 3.000000
11.000000, 0.304580, 4.000000
11.000000, 0.595003, 5.000000
11.000000, 1.028001, 6.000000
11.000000, 1.632422, 7.000000
11.000000, 2.436638, 8.000000
11.000000, 3.469437, 9.000000
11.000000, 4.758835, 10.000000
11.000000, 6.333918, 11.000000
11.000000, 8.222938, 12.000000
11.000000, 10.454029, 13.000000
11.000000, 13.056458, 14.000000
11.000000, 16.057938, 15.000000
#Section 12
12.000000, 0.000000, 0.000000
12.000000, 0.004768, 1.000000
12.000000, 0.038087, 2.000000
12.000000, 0.128478, 3.000000
12.000000, 0.304580, 4.000000
12.000000, 0.595003, 5.000000
12.000000, 1.028001, 6.000000
12.000000, 1.632422, 7.000000
12.000000, 2.436638, 8.000000
12.000000, 3.469437, 9.000000
12.000000, 4.758835, 10.000000
12.000000, 6.333918, 11.000000
12.000000, 8.222938, 12.000000
12.000000, 10.454029, 13.000000
12.000000, 13.056458, 14.000000
12.000000, 16.057938, 15.000000
#Section 13
13.000000, 0.000000, 0.000000
13.000000, 0.004768, 1.000000
13.000000, 0.038087, 2.000000
13.000000, 0.128478, 3.000000
13.000000, 0.304580, 4.000000
13.000000, 0.595003, 5.000000
13.000000, 1.028001, 6.000000
13.000000, 1.632422, 7.000000
13.000000, 2.436638, 8.000000
13.000000, 3.469437, 9.000000
13.000000, 4.758835, 10.000000
13.000000, 6.333918, 11.000000
13.000000, 8.222938, 12.000000
13.000000, 10.454029, 13.000000
13.000000, 13.056458, 14.000000
13.000000, 16.057938, 15.000000
#Section 14
14.000000, 0.000000, 0.000000
14.000000, 0.004768, 1.000000
14.000000, 0.038087, 2.000000
14.000000, 0.128478, 3.000000
14.000000, 0.304580, 4.000000
14.000000, 0.595003, 5.000000
14.000000, 1.028001, 6.000000
14.000000, 1.632422, 7.000000
14.000000, 2.436638, 8.000000
14.000000, 3.469437, 9.000000
14.000000, 4.758835, 10.000000
14.000000, 6.333918, 11.000000
14.000000, 8.222938, 12.000000
14.000000, 10.454029, 13.000000
14.000000, 13.056458, 14.000000
14.000000, 16.057938, 15.000000
#Section 15
15.000000, 0.000000, 0.000000
15.000000, 0.004768, 1.000000
15.000000, 0.038087, 2.000000
15.000000, 0.128478, 3.000000
15.000000, 0.304580, 4.000000
15.000000, 0.595003, 5.000000
15.000000, 1.028001, 6.000000
15.000000, 1.632422, 7.000000
15.000000, 2.436638, 8.000000
15.000000, 3.469437, 9.000000
15.000000, 4.758835, 10.000000
15.000000, 6.333918, 11.000000
15.000000, 8.222938, 12.000000
15.000000, 10.454029, 13.000000
15.000000, 13.056458, 14.000000
15.000000, 16.057938, 15.000000
#Section 16
16.000000, 0.000000, 0.000000
16.000000, 0.004768, 1.000000
16.000000, 0.038087, 2.000000
16.000000, 0.128478, 3.000000
16.000000, 0.304580, 4.000000
16.000000, 0.595003, 5.000000
16.000000, 1.028001, 6.000000
16.000000, 1.632422, 7.000000
16.000000, 2.436638, 8.000000
16.000000, 3.469437, 9.000000
16.000000, 4.758835, 10.000000
16.000000, 6.333918, 11.000000
16.000000, 8.222938, 12.000000
16.000000, 10.454029, 13.000000
16.000000, 13.056458, 14.000000
16.000000, 16.057938, 15.000000
#Section 17
17.000000, 0.000000, 0.000000
17.000000, 0.004768, 1.000000
17.000000, 0.038087, 2.000000
17.000000, 0.128478, 3.000000
17.000000, 0.304580, 4.000000
17.000000, 0.595003, 5.000000
17.000000, 1.028001, 6.000000
17.000000, 1.632422, 7.000000
17.000000, 2.436638, 8.000000
17.000000, 3.469437, 9.000000
17.000000, 4.758835, 10.000000
17.000000, 6.333918, 11.000000
17.000000, 8.222938, 12.000000
17.000000, 10.454029, 13.000000
17.000000, 13.056458, 14.000000
17.000000, 16.057938, 15.000000
#Section 18
18.000000, 0.000000, 0.000000
18.000000, 0.004768, 1.000000
18.000000, 0.038087, 2.000000
18.000000, 0.128478, 3.000000
18.000000, 0.304580, 4.000000
18.000000, 0.595003, 5.000000
18.000000, 1.028001, 6.000000
18.000000, 1.632422, 7.000000
18.000000, 2.436638, 8.000000
18.000000, 3.469437, 9.000000
18.000000, 4.758835, 10.000000
18.000000, 6.333918, 11.000000
18.000000, 8.222938, 12.000000
18.000000, 10.454029, 13.000000
18.000000, 13.056458, 14.000000
18.000000, 16.057938, 15.000000
#Section 19
19.000000, 0.000000, 0.000000
19.000000, 0.004768, 1.000000
19.000000, 0.038087, 2.000000
19.000000, 0.128478, 3.000000
19.000000, 0.304580, 4.000000
19.000000, 0.595003, 5.000000
19.000000, 1.028001, 6.000000
19.000000, 1.632422, 7.000000
19.000000, 2.436638, 8.000000
19.000000, 3.469437, 9.000000
19.000000, 4.758835, 10.000000
19.000000, 6.333918, 11.000000
19.000000, 8.222938, 12.000000
19.000000, 10.454029, 13.000000
19.000000, 13.056458, 14.000000
19.000000, 16.057938, 15.000000
#Section 20
20.000000, 0.000000, 0.000000
20.000000, 0.004768, 1.000000
20.000000, 0.038087, 2.000000
20.000000, 0.128478, 3.000000
20.000000, 0.304580, 4.000000
20.000000, 0.595003, 5.000000
20.000000, 1.028001, 6.000000
20.000000, 1.632422, 7.000000
20.000000, 2.436638, 8.000000
20.000000, 3.469437, 9.000000
20.000000, 4.758835, 10.000000
20.000000, 6.333918, 11.000000
20.000000, 8.222938, 12.000000
20.000000, 10.454029, 13.000000
20.000000, 13.056458, 14.000000
20.000000, 16.057938, 15.000000
#Section 21
21.000000, 0.000000, 0.000000
21.000000, 0.004768, 1.000000
21.000000, 0.038087, 2.000000
21.000000, 0.128478, 3.000000
21.000000, 0.304580, 4.000000
21.000000, 0.595003, 5.000000
21.000000, 1.028001, 6.000000
21.000000, 1.632422, 7.000000
21.000000, 2.436638, 8.000000
21.000000, 3.469437, 9.000000
21.000000, 4.758835, 10.000000
21.000000, 6.333918, 11.000000
21.000000, 8.222938, 12.000000
21.000000, 10.454029, 13.000000
21.000000, 13.056458, 14.000000
21.000000, 16.057938, 15.000000
#Section 22
22.000000, 0.000000, 0.000000
22.000000, 0.004768, 1.000000
22.000000, 0.038087, 2.000000
22.000000, 0.128478, 3.000000
22.000000, 0.304580, 4.000000
22.000000, 0.595003, 5.000000
22.000000, 1.028001, 6.000000
22.000000, 1.632422, 7.000000
22.000000, 2.436638, 8.000000
22.000000, 3.469437, 9.000000
22.000000, 4.758835, 10.000000
22.000000, 6.333918, 11.000000
22.000000, 8.222938, 12.000000
22.000000, 10.454029, 13.000000
22.000000, 13.056458, 14.000000
22.000000, 16.057938, 15.000000
#Section 23
23.000000, 0.000000, 0.000000
23.000000, 0.004768, 1.000000
23.000000, 0.038087, 2.000000
23.000000, 0.128478, 3.000000
23.000000, 0.304580, 4.000000
23.000000, 0.595003, 5.000000
23.000000, 1.028001, 6.000000
23.000000, 1.632422, 7.000000
23.000000, 2.436638, 8.000000
23.000000, 3.469437, 9.000000
23.000000, 4.758835, 10.000000
23.000000, 6.333918, 11.000000
23.000000, 8.222938, 12.000000
23.000000, 10.454029, 13.000000
23.000000, 13.056458, 14.000000
23.000000, 16.057938, 15.000000
#Section 24
24.000000, 0.000000, 0.000000
24.000000, 0.004768, 1.000000
24.000000, 0.038087, 2.000000
24.000000, 0.128478, 3.000000
24.000000, 0.304580, 4.000000
24.000000, 0.595003, 5.000000
24.000000, 1.028001, 6.000000
24.000000, 1.632422, 7.000000
24.000000, 2.436638, 8.000000
24.000000, 3.469437, 9.000000
24.000000, 4.758835, 10.000000
24.000000, 6.333918, 11.000000
24.000000, 8.222938, 12.000000
24.000000, 10.454029, 13.000000
24.000000, 13.056458, 14.000000
24.000000, 16.057938, 15.000000
#Section 25
25.000000, 0.000000, 0.000000
25.000000, 0.004768, 1.000000
25.000000, 0.038087, 2.000000
25.000000, 0.128478, 3.000000
25.000000, 0.304580, 4.000000
25.000000, 0.595003, 5.000000
25.000000, 1.028001, 6.000000
25.000000, 1.632422, 7.000000
25.000000, 2.436638, 8.000000
25.000000, 3.469437, 9.000000
25.000000, 4.758835, 10.000000
25.000000, 6.333918, 11.000000
25.000000, 8.222938, 12.000000
25.000000, 10.454029, 13.000000
25.000000, 13.056458, 14.000000
25.000000, 16.057938, 15.000000
